Loading map from file: ../assets/map
Map: crafted 2 msg
[Listener] Initialized: 0.0.0.0:45454
[Listener] New connection: 127.0.0.1:41105
[Listener] New player got assigned id: 0
[Map] Sent packet 1/2
[Map] Sent packet 2/2
2 p:(224, 224) v:(0, 0)
(0, 0)

1 p:(704, 768) v:(0, 0)
(0, 0)

0 p:(80, 144) v:(0, 0)
(0, 0)

2 p:(348.754, 348.754) v:(70.7107, 70.7107)
(0, 0)

1 p:(828.756, 892.756) v:(70.7107, 70.7107)
(0, 0)

0 p:(80, 144) v:(0, 0)
(0, 0)

2 p:(347.613, 347.613) v:(-70.7107, -70.7107)
(0, 0)

1 p:(827.615, 891.615) v:(-70.7107, -70.7107)
(0, 0)

0 p:(80, 144) v:(0, 0)
(0, 0)

2 p:(347.603, 347.603) v:(-70.7107, -70.7107)
(0, 0)

1 p:(827.605, 891.605) v:(-70.7107, -70.7107)
(0, 0)

0 p:(80, 144) v:(0, 0)
(0, 0)

2 p:(346.47, 346.47) v:(-70.7107, -70.7107)
(0, 0)

1 p:(826.472, 890.472) v:(-70.7107, -70.7107)
(0, 0)

0 p:(80, 144) v:(0, 0)
(0, 0)

2 p:(346.461, 346.461) v:(-70.7107, -70.7107)
(0, 0)

1 p:(826.463, 890.463) v:(-70.7107, -70.7107)
(0, 0)

0 p:(80, 144) v:(0, 0)
(0, -1)

2 p:(345.266, 345.266) v:(-70.7107, -70.7107)
(0, 0)

1 p:(825.268, 889.268) v:(-70.7107, -70.7107)
(0, 0)

0 p:(80, 142.31) v:(0, -100)
(0, -1)

2 p:(345.258, 345.258) v:(-70.7107, -70.7107)
(0, 0)

1 p:(825.26, 889.26) v:(-70.7107, -70.7107)
(0, 0)

0 p:(80, 142.298) v:(0, -100)
(0, -1)

2 p:(344.086, 344.086) v:(-70.7107, -70.7107)
(0, 0)

1 p:(824.087, 888.087) v:(-70.7107, -70.7107)
(0, 0)

0 p:(80, 140.638) v:(0, -100)
(0, -1)

2 p:(344.074, 344.074) v:(-70.7107, -70.7107)
(0, 0)

1 p:(824.075, 888.075) v:(-70.7107, -70.7107)
(0, 0)

0 p:(80, 140.622) v:(0, -100)
(0, -1)

2 p:(342.938, 342.938) v:(-70.7107, -70.7107)
(0, 0)

1 p:(822.941, 886.941) v:(-70.7107, -70.7107)
(0, 0)

0 p:(80, 139.02) v:(0, -100)
(0, -1)

2 p:(342.931, 342.931) v:(-70.7107, -70.7107)
(0, 0)

1 p:(822.934, 886.934) v:(-70.7107, -70.7107)
(0, 0)

0 p:(80, 139.01) v:(0, -100)
(0, -1)

2 p:(341.747, 341.747) v:(-70.7107, -70.7107)
(0, 0)

1 p:(821.748, 885.748) v:(-70.7107, -70.7107)
(0, 0)

0 p:(80, 137.331) v:(0, -100)
(0, -1)

2 p:(341.733, 341.733) v:(-70.7107, -70.7107)
(0, 0)

1 p:(821.734, 885.734) v:(-70.7107, -70.7107)
(0, 0)

0 p:(80, 137.311) v:(0, -100)
(0, -1)

2 p:(340.593, 340.593) v:(-70.7107, -70.7107)
(0, 0)

1 p:(820.594, 884.594) v:(-70.7107, -70.7107)
(0, 0)

0 p:(80, 135.698) v:(0, -100)
(0, -1)

2 p:(340.57, 340.57) v:(-70.7107, -70.7107)
(0, 0)

1 p:(820.571, 884.571) v:(-70.7107, -70.7107)
(0, 0)

0 p:(80, 135.666) v:(0, -100)
(0, -1)

2 p:(339.439, 339.439) v:(-70.7107, -70.7107)
(0, 0)

1 p:(819.44, 883.44) v:(-70.7107, -70.7107)
(0, 0)

0 p:(80, 134.066) v:(0, -100)
(0, -1)

2 p:(339.424, 339.424) v:(-70.7107, -70.7107)
(0, 0)

1 p:(819.425, 883.425) v:(-70.7107, -70.7107)
(0, 0)

0 p:(80, 134.045) v:(0, -100)
(0, -1)

2 p:(338.293, 338.293) v:(-70.7107, -70.7107)
(0, 0)

1 p:(818.294, 882.294) v:(-70.7107, -70.7107)
(0, 0)

0 p:(80, 132.445) v:(0, -100)
(0, -1)

2 p:(338.282, 338.282) v:(-70.7107, -70.7107)
(0, 0)

1 p:(818.285, 882.285) v:(-70.7107, -70.7107)
(0, 0)

0 p:(80, 132.435) v:(0, -100)
(0, -1)

2 p:(337.147, 337.147) v:(-70.7107, -70.7107)
(0, 0)

1 p:(817.148, 881.148) v:(-70.7107, -70.7107)
(0, 0)

0 p:(80, 130.825) v:(0, -100)
(0, -1)

2 p:(337.133, 337.133) v:(-70.7107, -70.7107)
(0, 0)

1 p:(817.134, 881.134) v:(-70.7107, -70.7107)
(0, 0)

0 p:(80, 130.805) v:(0, -100)
(0, -1)

2 p:(336.001, 336.001) v:(-70.7107, -70.7107)
(0, 0)

1 p:(816.002, 880.002) v:(-70.7107, -70.7107)
(0, 0)

0 p:(80, 129.204) v:(0, -100)
(0, -1)

2 p:(335.987, 335.987) v:(-70.7107, -70.7107)
(0, 0)

1 p:(815.987, 879.987) v:(-70.7107, -70.7107)
(0, 0)

0 p:(80, 129.182) v:(0, -100)
(0, -1)

2 p:(337.136, 337.136) v:(70.7107, 70.7107)
(0, 0)

1 p:(817.134, 881.134) v:(70.7107, 70.7107)
(0, 0)

0 p:(80, 127.56) v:(0, -100)
(0, -1)

2 p:(337.121, 337.121) v:(-70.7107, -70.7107)
(0, 0)

1 p:(817.12, 881.12) v:(-70.7107, -70.7107)
(0, 0)

0 p:(80, 127.54) v:(0, -100)
(0, -1)

2 p:(335.983, 335.983) v:(-70.7107, -70.7107)
(0, 0)

1 p:(815.981, 879.981) v:(-70.7107, -70.7107)
(0, 0)

0 p:(80, 125.93) v:(0, -100)
(0, -1)

2 p:(335.997, 335.997) v:(70.7107, 70.7107)
(0, 0)

1 p:(815.996, 879.996) v:(70.7107, 70.7107)
(0, 0)

0 p:(80, 125.91) v:(0, -100)
(0, -1)

2 p:(337.133, 337.133) v:(70.7107, 70.7107)
(0, 0)

1 p:(817.132, 881.132) v:(70.7107, 70.7107)
(0, 0)

0 p:(80, 124.302) v:(0, -100)
(0, -1)

2 p:(337.117, 337.117) v:(-70.7107, -70.7107)
(0, 0)

1 p:(817.106, 881.106) v:(-70.7107, -70.7107)
(0, 0)

0 p:(80, 124.264) v:(0, -100)
(0, -1)

2 p:(335.949, 335.949) v:(-70.7107, -70.7107)
(0, 0)

1 p:(815.948, 879.948) v:(-70.7107, -70.7107)
(0, 0)

0 p:(80, 122.628) v:(0, -100)
(0, -1)

2 p:(335.964, 335.964) v:(70.7107, 70.7107)
(0, 0)

1 p:(815.962, 879.962) v:(70.7107, 70.7107)
(0, 0)

0 p:(80, 122.607) v:(0, -100)
(0, -1)

2 p:(337.108, 337.108) v:(70.7107, 70.7107)
(0, 0)

1 p:(817.106, 881.106) v:(70.7107, 70.7107)
(0, 0)

0 p:(80, 120.986) v:(0, -100)
(0, -1)

2 p:(337.09, 337.09) v:(-70.7107, -70.7107)
(0, 0)

1 p:(817.089, 881.089) v:(-70.7107, -70.7107)
(0, 0)

0 p:(80, 120.964) v:(0, -100)
(0, -1)

2 p:(335.957, 335.957) v:(-70.7107, -70.7107)
(0, 0)

1 p:(815.956, 879.956) v:(-70.7107, -70.7107)
(0, 0)

0 p:(80, 119.361) v:(0, -100)
(0, -1)

2 p:(335.973, 335.973) v:(70.7107, 70.7107)
(0, 0)

1 p:(815.972, 879.972) v:(70.7107, 70.7107)
(0, 0)

0 p:(80, 119.338) v:(0, -100)
(0, -1)

2 p:(337.104, 337.104) v:(70.7107, 70.7107)
(0, 0)

1 p:(817.103, 881.103) v:(70.7107, 70.7107)
(0, 0)

0 p:(80, 117.739) v:(0, -100)
(0, -1)

2 p:(337.09, 337.09) v:(-70.7107, -70.7107)
(0, 0)

1 p:(817.089, 881.089) v:(-70.7107, -70.7107)
(0, 0)

0 p:(80, 117.72) v:(0, -100)
(0, -1)

2 p:(335.962, 335.962) v:(-70.7107, -70.7107)
(0, 0)

1 p:(815.963, 879.963) v:(-70.7107, -70.7107)
(0, 0)

0 p:(80, 116.13) v:(0, -100)
(0, -1)

2 p:(335.969, 335.969) v:(70.7107, 70.7107)
(0, 0)

1 p:(815.97, 879.97) v:(70.7107, 70.7107)
(0, 0)

0 p:(80, 116.12) v:(0, -100)
(0, -1)

2 p:(337.103, 337.103) v:(70.7107, 70.7107)
(0, 0)

1 p:(817.104, 881.104) v:(70.7107, 70.7107)
(0, 0)

0 p:(80, 114.516) v:(0, -100)
(0, -1)

2 p:(337.096, 337.096) v:(-70.7107, -70.7107)
(0, 0)

1 p:(817.097, 881.097) v:(-70.7107, -70.7107)
(0, 0)

0 p:(80, 114.507) v:(0, -100)
(0, -1)

2 p:(335.961, 335.961) v:(-70.7107, -70.7107)
(0, 0)

1 p:(815.963, 879.963) v:(-70.7107, -70.7107)
(0, 0)

0 p:(80, 112.903) v:(0, -100)
(0, -1)

2 p:(335.968, 335.968) v:(70.7107, 70.7107)
(0, 0)

1 p:(815.969, 879.969) v:(70.7107, 70.7107)
(0, 0)

0 p:(80, 112.894) v:(0, -100)
(0, -1)

2 p:(337.111, 337.111) v:(70.7107, 70.7107)
(0, 0)

1 p:(817.113, 881.113) v:(70.7107, 70.7107)
(0, 0)

0 p:(80, 111.274) v:(0, -100)
(0, -1)

2 p:(337.101, 337.101) v:(-70.7107, -70.7107)
(0, 0)

1 p:(817.104, 881.104) v:(-70.7107, -70.7107)
(0, 0)

0 p:(80, 111.262) v:(0, -100)
(0, -1)

2 p:(335.964, 335.964) v:(-70.7107, -70.7107)
(0, 0)

1 p:(815.965, 879.965) v:(-70.7107, -70.7107)
(0, 0)

0 p:(80, 109.648) v:(0, -100)
(0, -1)

2 p:(335.984, 335.984) v:(70.7107, 70.7107)
(0, 0)

1 p:(815.985, 879.985) v:(70.7107, 70.7107)
(0, 0)

0 p:(80, 109.62) v:(0, -100)
(0, -1)

2 p:(337.108, 337.108) v:(70.7107, 70.7107)
(0, 0)

1 p:(817.107, 881.107) v:(70.7107, 70.7107)
(0, 0)

0 p:(80, 108.034) v:(0, -100)
(0, -1)

2 p:(337.1, 337.1) v:(-70.7107, -70.7107)
(0, 0)

1 p:(817.099, 881.099) v:(-70.7107, -70.7107)
(0, 0)

0 p:(80, 108.024) v:(0, -100)
(0, -1)

2 p:(335.94, 335.94) v:(-70.7107, -70.7107)
(0, 0)

1 p:(815.937, 879.937) v:(-70.7107, -70.7107)
(0, 0)

0 p:(80, 106.378) v:(0, -100)
(0, -1)

2 p:(335.956, 335.956) v:(70.7107, 70.7107)
(0, 0)

1 p:(815.953, 879.953) v:(70.7107, 70.7107)
(0, 0)

0 p:(80, 106.356) v:(0, -100)
(0, -1)

2 p:(337.105, 337.105) v:(70.7107, 70.7107)
(0, 0)

1 p:(817.102, 881.102) v:(70.7107, 70.7107)
(0, 0)

0 p:(80, 104.731) v:(0, -100)
(0, -1)

2 p:(337.09, 337.09) v:(-70.7107, -70.7107)
(0, 0)

1 p:(817.087, 881.087) v:(-70.7107, -70.7107)
(0, 0)

0 p:(80, 104.711) v:(0, -100)
(0, -1)

2 p:(335.942, 335.942) v:(-70.7107, -70.7107)
(0, 0)

1 p:(815.939, 879.939) v:(-70.7107, -70.7107)
(0, 0)

0 p:(80, 103.084) v:(0, -100)
(0, -1)

2 p:(335.961, 335.961) v:(70.7107, 70.7107)
(0, 0)

1 p:(815.957, 879.957) v:(70.7107, 70.7107)
(0, 0)

0 p:(80, 103.062) v:(0, -100)
(0, -1)

2 p:(337.108, 337.108) v:(70.7107, 70.7107)
(0, 0)

1 p:(817.108, 881.108) v:(70.7107, 70.7107)
(0, 0)

0 p:(80, 101.435) v:(0, -100)
(0, -1)

2 p:(337.09, 337.09) v:(-70.7107, -70.7107)
(0, 0)

1 p:(817.093, 881.093) v:(-70.7107, -70.7107)
(0, 0)

0 p:(80, 101.414) v:(0, -100)
(0, -1)

2 p:(335.958, 335.958) v:(-70.7107, -70.7107)
(0, 0)

1 p:(815.961, 879.961) v:(-70.7107, -70.7107)
(0, 0)

0 p:(80, 99.8127) v:(0, -100)
(0, -1)

2 p:(335.973, 335.973) v:(70.7107, 70.7107)
(0, 0)

1 p:(815.976, 879.976) v:(70.7107, 70.7107)
(0, 0)

0 p:(80, 99.7922) v:(0, -100)
(0, -1)

2 p:(337.108, 337.108) v:(70.7107, 70.7107)
(0, 0)

1 p:(817.113, 881.113) v:(70.7107, 70.7107)
(0, 0)

0 p:(80, 98.183) v:(0, -100)
(0, -1)

2 p:(337.09, 337.09) v:(-70.7107, -70.7107)
(0, 0)

1 p:(817.097, 881.097) v:(-70.7107, -70.7107)
(0, 0)

0 p:(80, 98.1605) v:(0, -100)
(0, -1)

2 p:(335.957, 335.957) v:(-70.7107, -70.7107)
(0, 0)

1 p:(815.964, 879.964) v:(-70.7107, -70.7107)
(0, 0)

0 p:(80, 96.5572) v:(0, -100)
(0, -1)

2 p:(335.973, 335.973) v:(70.7107, 70.7107)
(0, 0)

1 p:(815.98, 879.98) v:(70.7107, 70.7107)
(0, 0)

0 p:(80, 96.5348) v:(0, -100)
(0, -1)

2 p:(337.135, 337.135) v:(70.7107, 70.7107)
(0, 0)

1 p:(817.142, 881.142) v:(70.7107, 70.7107)
(0, 0)

0 p:(80, 94.8916) v:(0, -100)
(0, 0)

2 p:(337.117, 337.117) v:(-70.7107, -70.7107)
(0, 0)

1 p:(817.124, 881.124) v:(-70.7107, -70.7107)
(0, 0)

0 p:(80, 94.8673) v:(0, -100)
(0, 0)

2 p:(335.985, 335.985) v:(-70.7107, -70.7107)
(0, 0)

1 p:(815.992, 879.992) v:(-70.7107, -70.7107)
(0, 0)

0 p:(80, 93.2655) v:(0, -100)
(0, 0)

2 p:(336.004, 336.004) v:(70.7107, 70.7107)
(0, 0)

1 p:(816.011, 880.011) v:(70.7107, 70.7107)
(0, 0)

0 p:(80, 93.2389) v:(0, -100)
(0, 0)

2 p:(334.867, 334.867) v:(-70.7107, -70.7107)
(0, 0)

1 p:(814.873, 878.873) v:(-70.7107, -70.7107)
(0, 0)

0 p:(80, 91.6301) v:(0, -100)
(0, 0)

2 p:(334.885, 334.885) v:(70.7107, 70.7107)
(0, 0)

1 p:(814.891, 878.891) v:(70.7107, 70.7107)
(0, 0)

0 p:(80, 91.6053) v:(0, -100)
(0, 0)

2 p:(336.026, 336.026) v:(70.7107, 70.7107)
(0, 0)

1 p:(816.032, 880.032) v:(70.7107, 70.7107)
(0, 0)

0 p:(80, 89.9912) v:(0, -100)
(0, 0)

2 p:(336.004, 336.004) v:(-70.7107, -70.7107)
(0, 0)

1 p:(816.011, 880.011) v:(-70.7107, -70.7107)
(0, 0)

0 p:(80, 89.9613) v:(0, -100)
(0, 0)

2 p:(334.875, 334.875) v:(-70.7107, -70.7107)
(0, 0)

1 p:(814.881, 878.881) v:(-70.7107, -70.7107)
(0, 0)

0 p:(80, 88.3636) v:(0, -100)
(0, 0)

2 p:(334.893, 334.893) v:(70.7107, 70.7107)
(0, 0)

1 p:(814.9, 878.9) v:(70.7107, 70.7107)
(0, 0)

0 p:(80, 88.3375) v:(0, -100)
(0, 0)

2 p:(336.024, 336.024) v:(70.7107, 70.7107)
(0, 0)

1 p:(816.031, 880.031) v:(70.7107, 70.7107)
(0, 0)

0 p:(80, 86.7383) v:(0, -100)
(0, 0)

2 p:(336.007, 336.007) v:(-70.7107, -70.7107)
(0, 0)

1 p:(816.014, 880.014) v:(-70.7107, -70.7107)
(0, 0)

0 p:(80, 86.7144) v:(0, -100)
(0, 0)

2 p:(334.847, 334.847) v:(-70.7107, -70.7107)
(0, 0)

1 p:(814.853, 878.853) v:(-70.7107, -70.7107)
(0, 0)

0 p:(80, 85.0735) v:(0, -100)
(0, 0)

2 p:(334.865, 334.865) v:(70.7107, 70.7107)
(0, 0)

1 p:(814.87, 878.87) v:(70.7107, 70.7107)
(0, 0)

0 p:(80, 85.0501) v:(0, -100)
(0, 0)

2 p:(335.985, 335.985) v:(70.7107, 70.7107)
(0, 0)

1 p:(815.99, 879.99) v:(70.7107, 70.7107)
(0, 0)

0 p:(80, 83.4682) v:(0, -100)
(0, 0)

2 p:(335.993, 335.993) v:(70.7107, 70.7107)
(0, 0)

1 p:(815.998, 879.998) v:(70.7107, 70.7107)
(0, 0)

0 p:(80, 83.4568) v:(0, -100)
(0, 0)

2 p:(337.126, 337.126) v:(70.7107, 70.7107)
(0, 0)

1 p:(817.131, 881.131) v:(70.7107, 70.7107)
(0, 0)

0 p:(80, 81.8546) v:(0, -100)
(0, 0)

2 p:(337.118, 337.118) v:(-70.7107, -70.7107)
(0, 0)

1 p:(817.122, 881.122) v:(-70.7107, -70.7107)
(0, 0)

0 p:(80, 81.8432) v:(0, -100)
(0, 0)

2 p:(335.981, 335.981) v:(-70.7107, -70.7107)
(0, 0)

1 p:(815.986, 879.986) v:(-70.7107, -70.7107)
(0, 0)

0 p:(80, 80.2358) v:(0, -100)
(0, 0)

2 p:(335.989, 335.989) v:(70.7107, 70.7107)
(0, 0)

1 p:(815.994, 879.994) v:(70.7107, 70.7107)
(0, 0)

0 p:(80, 80.2242) v:(0, -100)
(0, 0)

2 p:(337.127, 337.127) v:(70.7107, 70.7107)
(0, 0)

1 p:(817.134, 881.134) v:(70.7107, 70.7107)
(0, 0)

0 p:(80, 78.6087) v:(0, -100)
(0, 0)

2 p:(337.096, 337.096) v:(-70.7107, -70.7107)
(0, 0)

1 p:(817.105, 881.105) v:(-70.7107, -70.7107)
(0, 0)

0 p:(80, 78.6491) v:(0, 100)
(0, 0)

2 p:(335.967, 335.967) v:(-70.7107, -70.7107)
(0, 0)

1 p:(815.978, 879.978) v:(-70.7107, -70.7107)
(0, 0)

0 p:(80, 80.2407) v:(0, 100)
(0, 0)

2 p:(335.974, 335.974) v:(70.7107, 70.7107)
(0, 0)

1 p:(815.984, 879.984) v:(70.7107, 70.7107)
(0, 0)

0 p:(80, 80.2325) v:(0, -100)
(0, 0)

2 p:(337.098, 337.098) v:(70.7107, 70.7107)
(0, 0)

1 p:(817.108, 881.108) v:(70.7107, 70.7107)
(0, 0)

0 p:(80, 78.6425) v:(0, -100)
(0, 0)

2 p:(337.093, 337.093) v:(-70.7107, -70.7107)
(0, 0)

1 p:(817.103, 881.103) v:(-70.7107, -70.7107)
(0, 0)

0 p:(80, 78.6493) v:(0, 100)
(0, 0)

2 p:(335.949, 335.949) v:(-70.7107, -70.7107)
(0, 0)

1 p:(815.957, 879.957) v:(-70.7107, -70.7107)
(0, 0)

0 p:(80, 80.2723) v:(0, 100)
(0, 0)

2 p:(335.967, 335.967) v:(70.7107, 70.7107)
(0, 0)

1 p:(815.974, 879.974) v:(70.7107, 70.7107)
(0, 0)

0 p:(80, 80.2488) v:(0, -100)
(0, 0)

2 p:(337.098, 337.098) v:(70.7107, 70.7107)
(0, 0)

1 p:(817.106, 881.106) v:(70.7107, 70.7107)
(0, 0)

0 p:(80, 78.646) v:(0, -100)
(0, 0)

2 p:(337.084, 337.084) v:(-70.7107, -70.7107)
(0, 0)

1 p:(817.096, 881.096) v:(-70.7107, -70.7107)
(0, 0)

0 p:(80, 78.6581) v:(0, 100)
(0, 0)

2 p:(335.955, 335.955) v:(-70.7107, -70.7107)
(0, 0)

1 p:(815.965, 879.965) v:(-70.7107, -70.7107)
(0, 0)

0 p:(80, 80.2585) v:(0, 100)
(0, 0)

2 p:(335.972, 335.972) v:(70.7107, 70.7107)
(0, 0)

1 p:(815.983, 879.983) v:(70.7107, 70.7107)
(0, 0)

0 p:(80, 80.233) v:(0, -100)
(1, 0)

2 p:(337.126, 337.126) v:(70.7107, 70.7107)
(0, 0)

1 p:(817.136, 881.136) v:(70.7107, 70.7107)
(0, 0)

0 p:(81.6309, 80.2211) v:(99.9973, -0.728063)
(1, 0)

2 p:(337.107, 337.107) v:(-70.7107, -70.7107)
(0, 0)

1 p:(817.117, 881.117) v:(-70.7107, -70.7107)
(0, 0)

0 p:(81.6577, 80.2209) v:(99.9974, -0.728073)
(1, 0)

2 p:(335.981, 335.981) v:(-70.7107, -70.7107)
(0, 0)

1 p:(815.991, 879.991) v:(-70.7107, -70.7107)
(0, 0)

0 p:(83.2509, 80.2093) v:(99.9974, -0.728062)
(1, 0)

2 p:(336, 336) v:(70.7107, 70.7107)
(0, 0)

1 p:(816.011, 880.011) v:(70.7107, 70.7107)
(0, 0)

0 p:(83.2806, 80.2091) v:(99.9974, -0.728072)
(1, 0)

2 p:(334.865, 334.865) v:(-70.7107, -70.7107)
(0, 0)

1 p:(814.877, 878.877) v:(-70.7107, -70.7107)
(0, 0)

0 p:(84.8833, 80.1974) v:(99.9974, -0.728083)
(1, 0)

2 p:(334.888, 334.888) v:(70.7107, 70.7107)
(0, 0)

1 p:(814.901, 878.901) v:(70.7107, 70.7107)
(0, 0)

0 p:(84.9394, 80.197) v:(99.9974, -0.72807)
(1, 0)

2 p:(336.042, 336.042) v:(70.7107, 70.7107)
(0, 0)

1 p:(816.053, 880.053) v:(70.7107, 70.7107)
(0, 0)

0 p:(86.5474, 80.1853) v:(99.9974, -0.728083)
(1, 0)

2 p:(336.025, 336.025) v:(-70.7107, -70.7107)
(0, 0)

1 p:(816.037, 880.037) v:(-70.7107, -70.7107)
(0, 0)

0 p:(86.5708, 80.1852) v:(99.9974, -0.72807)
(1, 0)

2 p:(334.895, 334.895) v:(-70.7107, -70.7107)
(0, 0)

1 p:(814.907, 878.907) v:(-70.7107, -70.7107)
(0, 0)

0 p:(88.1689, 80.1735) v:(99.9973, -0.728082)
(1, 0)

2 p:(334.912, 334.912) v:(70.7107, 70.7107)
(0, 0)

1 p:(814.923, 878.923) v:(70.7107, 70.7107)
(0, 0)

0 p:(88.1912, 80.1734) v:(99.9973, -0.728084)
(1, 0)

2 p:(336.042, 336.042) v:(70.7107, 70.7107)
(0, 0)

1 p:(816.054, 880.054) v:(70.7107, 70.7107)
(0, 0)

0 p:(89.7911, 80.1617) v:(99.9974, -0.728094)
(1, 0)

2 p:(336.021, 336.021) v:(-70.7107, -70.7107)
(0, 0)

1 p:(816.032, 880.032) v:(-70.7107, -70.7107)
(0, 0)

0 p:(89.8212, 80.1615) v:(99.9974, -0.728091)
(1, 0)

2 p:(334.898, 334.898) v:(-70.7107, -70.7107)
(0, 0)

1 p:(814.911, 878.911) v:(-70.7107, -70.7107)
(0, 0)

0 p:(91.4042, 80.15) v:(99.9973, -0.728081)
(1, 0)

2 p:(334.907, 334.907) v:(70.7107, 70.7107)
(0, 0)

1 p:(814.92, 878.92) v:(70.7107, 70.7107)
(0, 0)

0 p:(91.4158, 80.1499) v:(99.9973, -0.72807)
(1, 0)

2 p:(336.044, 336.044) v:(70.7107, 70.7107)
(0, 0)

1 p:(816.059, 880.059) v:(70.7107, 70.7107)
(0, 0)

0 p:(93.0298, 80.1381) v:(99.9974, -0.728073)
(1, 0)

2 p:(336.027, 336.027) v:(-70.7107, -70.7107)
(0, 0)

1 p:(816.042, 880.042) v:(-70.7107, -70.7107)
(0, 0)

0 p:(93.0536, 80.1379) v:(99.9974, -0.728083)
(1, 0)

2 p:(334.88, 334.88) v:(-70.7107, -70.7107)
(0, 0)

1 p:(814.895, 878.895) v:(-70.7107, -70.7107)
(0, 0)

0 p:(94.6772, 80.1261) v:(99.9973, -0.728072)
(1, 0)

2 p:(334.9, 334.9) v:(70.7107, 70.7107)
(0, 0)

1 p:(814.914, 878.914) v:(70.7107, 70.7107)
(0, 0)

0 p:(94.7052, 80.1259) v:(99.9974, -0.728093)
(1, 0)

2 p:(336.023, 336.023) v:(70.7107, 70.7107)
(0, 0)

1 p:(816.036, 880.036) v:(70.7107, 70.7107)
(0, 0)

0 p:(96.2888, 80.1144) v:(99.9974, -0.728078)
(1, 0)

2 p:(336.013, 336.013) v:(-70.7107, -70.7107)
(0, 0)

1 p:(816.026, 880.026) v:(-70.7107, -70.7107)
(0, 0)

0 p:(96.3021, 80.1144) v:(99.9997, -0.239765)
(1, 0)

2 p:(334.875, 334.875) v:(-70.7107, -70.7107)
(0, 0)

1 p:(814.887, 878.887) v:(-70.7107, -70.7107)
(0, 0)

0 p:(97.9164, 80.1105) v:(99.9997, -0.239768)
(1, 0)

2 p:(334.89, 334.89) v:(70.7107, 70.7107)
(0, 0)

1 p:(814.901, 878.901) v:(70.7107, 70.7107)
(0, 0)

0 p:(97.9368, 80.1105) v:(99.9997, -0.239773)
(1, 0)

2 p:(336.017, 336.017) v:(70.7107, 70.7107)
(0, 0)

1 p:(816.026, 880.026) v:(70.7107, 70.7107)
(0, 0)

0 p:(99.5263, 80.1066) v:(99.9997, -0.23978)
(1, 0)

2 p:(336.008, 336.008) v:(-70.7107, -70.7107)
(0, 0)

1 p:(816.018, 880.018) v:(-70.7107, -70.7107)
(0, 0)

0 p:(99.5379, 80.1066) v:(99.9997, -0.239773)
(1, 0)

2 p:(334.875, 334.875) v:(-70.7107, -70.7107)
(0, 0)

1 p:(814.883, 878.883) v:(-70.7107, -70.7107)
(0, 0)

0 p:(101.145, 80.1028) v:(99.9997, -0.239767)
(1, 0)

2 p:(334.892, 334.892) v:(70.7107, 70.7107)
(0, 0)

1 p:(814.9, 878.9) v:(70.7107, 70.7107)
(0, 0)

0 p:(101.169, 80.1027) v:(99.9997, -0.239767)
(1, 0)

2 p:(336.027, 336.027) v:(70.7107, 70.7107)
(0, 0)

1 p:(816.035, 880.035) v:(70.7107, 70.7107)
(0, 0)

0 p:(102.774, 80.0988) v:(99.9997, -0.239776)
(1, 0)

2 p:(336.012, 336.012) v:(-70.7107, -70.7107)
(0, 0)

1 p:(816.021, 880.021) v:(-70.7107, -70.7107)
(0, 0)

0 p:(102.797, 80.0988) v:(99.9997, -0.239768)
(1, 0)

2 p:(334.887, 334.887) v:(-70.7107, -70.7107)
(0, 0)

1 p:(814.898, 878.898) v:(-70.7107, -70.7107)
(0, 0)

0 p:(104.381, 80.095) v:(99.9997, -0.239771)
(1, 0)

2 p:(334.893, 334.893) v:(70.7107, 70.7107)
(0, 0)

1 p:(814.903, 878.903) v:(70.7107, 70.7107)
(0, 0)

0 p:(104.389, 80.095) v:(99.9997, -0.239767)
(1, 0)

2 p:(336.03, 336.03) v:(70.7107, 70.7107)
(0, 0)

1 p:(816.042, 880.042) v:(70.7107, 70.7107)
(0, 0)

0 p:(106, 80.0911) v:(99.9997, -0.239759)
(1, 0)

2 p:(336.018, 336.018) v:(-70.7107, -70.7107)
(0, 0)

1 p:(816.031, 880.031) v:(-70.7107, -70.7107)
(0, 0)

0 p:(106.015, 80.0911) v:(99.9997, -0.239765)
(1, 0)

2 p:(334.887, 334.887) v:(-70.7107, -70.7107)
(0, 0)

1 p:(814.9, 878.9) v:(-70.7107, -70.7107)
(0, 0)

0 p:(107.615, 80.0872) v:(99.9997, -0.23976)
(1, 0)

2 p:(334.897, 334.897) v:(70.7107, 70.7107)
(0, 0)

1 p:(814.91, 878.91) v:(70.7107, 70.7107)
(0, 0)

0 p:(107.629, 80.0872) v:(99.9997, -0.239752)
(1, 0)

2 p:(336.03, 336.03) v:(70.7107, 70.7107)
(0, 0)

1 p:(816.042, 880.042) v:(70.7107, 70.7107)
(0, 0)

0 p:(109.231, 80.0834) v:(99.9997, -0.239762)
(1, 0)

2 p:(336.019, 336.019) v:(-70.7107, -70.7107)
(0, 0)

1 p:(816.032, 880.032) v:(-70.7107, -70.7107)
(0, 0)

0 p:(109.245, 80.0833) v:(99.9997, -0.239768)
(1, 0)

2 p:(334.889, 334.889) v:(-70.7107, -70.7107)
(0, 0)

1 p:(814.902, 878.902) v:(-70.7107, -70.7107)
(0, 0)

0 p:(110.843, 80.0795) v:(99.9997, -0.239757)
(1, 0)

2 p:(334.896, 334.896) v:(70.7107, 70.7107)
(0, 0)

1 p:(814.909, 878.909) v:(70.7107, 70.7107)
(0, 0)

0 p:(110.854, 80.0795) v:(99.9997, -0.239763)
(1, 0)

2 p:(336.029, 336.029) v:(70.7107, 70.7107)
(0, 0)

1 p:(816.042, 880.042) v:(70.7107, 70.7107)
(0, 0)

0 p:(112.456, 80.0756) v:(99.9997, -0.239774)
(1, 0)

2 p:(336.021, 336.021) v:(-70.7107, -70.7107)
(0, 0)

1 p:(816.034, 880.034) v:(-70.7107, -70.7107)
(0, 0)

0 p:(112.466, 80.0756) v:(99.9997, -0.239781)
(1, 0)

2 p:(334.887, 334.887) v:(-70.7107, -70.7107)
(0, 0)

1 p:(814.9, 878.9) v:(-70.7107, -70.7107)
(0, 0)

0 p:(114.07, 80.0718) v:(99.9997, -0.239789)
(1, 0)

2 p:(334.896, 334.896) v:(70.7107, 70.7107)
(0, 0)

1 p:(814.909, 878.909) v:(70.7107, 70.7107)
(0, 0)

0 p:(114.084, 80.0717) v:(99.9997, -0.239792)
(1, 0)

2 p:(336.029, 336.029) v:(70.7107, 70.7107)
(0, 0)

1 p:(816.042, 880.042) v:(70.7107, 70.7107)
(0, 0)

0 p:(115.684, 80.0679) v:(99.9997, -0.239805)
(1, 0)

2 p:(336.021, 336.021) v:(-70.7107, -70.7107)
(0, 0)

1 p:(816.034, 880.034) v:(-70.7107, -70.7107)
(0, 0)

0 p:(115.697, 80.0679) v:(99.9997, -0.239802)
(1, 0)

2 p:(334.886, 334.886) v:(-70.7107, -70.7107)
(0, 0)

1 p:(814.899, 878.899) v:(-70.7107, -70.7107)
(0, 0)

0 p:(117.3, 80.064) v:(99.9997, -0.239799)
(1, 0)

2 p:(334.894, 334.894) v:(70.7107, 70.7107)
(0, 0)

1 p:(814.907, 878.907) v:(70.7107, 70.7107)
(0, 0)

0 p:(117.312, 80.064) v:(99.9997, -0.2398)
(1, 0)

2 p:(336.026, 336.026) v:(70.7107, 70.7107)
(0, 0)

1 p:(816.039, 880.039) v:(70.7107, 70.7107)
(0, 0)

0 p:(118.912, 80.0602) v:(99.9997, -0.239791)
(1, 0)

2 p:(336.018, 336.018) v:(-70.7107, -70.7107)
(0, 0)

1 p:(816.031, 880.031) v:(-70.7107, -70.7107)
(0, 0)

0 p:(118.923, 80.0601) v:(99.9997, -0.23979)
(1, 0)

2 p:(334.885, 334.885) v:(-70.7107, -70.7107)
(0, 0)

1 p:(814.898, 878.898) v:(-70.7107, -70.7107)
(0, 0)

0 p:(120.525, 80.0563) v:(99.9997, -0.239801)
(1, 0)

2 p:(334.893, 334.893) v:(70.7107, 70.7107)
(0, 0)

1 p:(814.906, 878.906) v:(70.7107, 70.7107)
(0, 0)

0 p:(120.537, 80.0563) v:(99.9997, -0.23979)
(1, 0)

2 p:(336.026, 336.026) v:(70.7107, 70.7107)
(0, 0)

1 p:(816.039, 880.039) v:(70.7107, 70.7107)
(0, 0)

0 p:(122.138, 80.0524) v:(99.9997, -0.239775)
(1, 0)

2 p:(336.018, 336.018) v:(-70.7107, -70.7107)
(0, 0)

1 p:(816.031, 880.031) v:(-70.7107, -70.7107)
(0, 0)

0 p:(122.149, 80.0524) v:(99.9997, -0.239788)
(1, 0)

2 p:(334.885, 334.885) v:(-70.7107, -70.7107)
(0, 0)

1 p:(814.898, 878.898) v:(-70.7107, -70.7107)
(0, 0)

0 p:(123.752, 80.0486) v:(99.9997, -0.2398)
(1, 0)

2 p:(334.893, 334.893) v:(70.7107, 70.7107)
(0, 0)

1 p:(814.906, 878.906) v:(70.7107, 70.7107)
(0, 0)

0 p:(123.762, 80.0485) v:(99.9997, -0.239789)
(1, 0)

2 p:(336.026, 336.026) v:(70.7107, 70.7107)
(0, 0)

1 p:(816.038, 880.038) v:(70.7107, 70.7107)
(0, 0)

0 p:(125.364, 80.0447) v:(99.9997, -0.239803)
(1, 0)

2 p:(336.018, 336.018) v:(-70.7107, -70.7107)
(0, 0)

1 p:(816.031, 880.031) v:(-70.7107, -70.7107)
(0, 0)

0 p:(125.375, 80.0447) v:(99.9997, -0.239783)
(1, 0)

2 p:(334.882, 334.882) v:(-70.7107, -70.7107)
(0, 0)

1 p:(814.894, 878.894) v:(-70.7107, -70.7107)
(0, 0)

0 p:(126.983, 80.0408) v:(99.9997, -0.239797)
(1, 0)

2 p:(334.892, 334.892) v:(70.7107, 70.7107)
(0, 0)

1 p:(814.906, 878.906) v:(70.7107, 70.7107)
(0, 0)

0 p:(126.999, 80.0408) v:(99.9997, -0.239816)
(1, 0)

2 p:(336.028, 336.028) v:(70.7107, 70.7107)
(0, 0)

1 p:(816.041, 880.041) v:(70.7107, 70.7107)
(0, 0)

0 p:(128.604, 80.0369) v:(99.9997, -0.239821)
(1, 0)

2 p:(336.018, 336.018) v:(-70.7107, -70.7107)
(0, 0)

1 p:(816.03, 880.03) v:(-70.7107, -70.7107)
(0, 0)

0 p:(128.619, 80.0369) v:(100, -0.0778944)
(1, 0)

2 p:(334.885, 334.885) v:(-70.7107, -70.7107)
(0, 0)

1 p:(814.897, 878.897) v:(-70.7107, -70.7107)
(0, 0)

0 p:(130.222, 80.0357) v:(100, -0.0779019)
(1, 0)

2 p:(334.896, 334.896) v:(70.7107, 70.7107)
(0, 0)

1 p:(814.908, 878.908) v:(70.7107, 70.7107)
(0, 0)

0 p:(130.236, 80.0357) v:(100, -0.0778967)
(1, 0)

2 p:(336.029, 336.029) v:(70.7107, 70.7107)
(0, 0)

1 p:(816.041, 880.041) v:(70.7107, 70.7107)
(0, 0)

0 p:(131.838, 80.0344) v:(100, -0.0779045)
(1, 0)

2 p:(336.018, 336.018) v:(-70.7107, -70.7107)
(0, 0)

1 p:(816.03, 880.03) v:(-70.7107, -70.7107)
(0, 0)

0 p:(131.853, 80.0344) v:(100, -0.0778978)
(1, 0)

2 p:(334.887, 334.887) v:(-70.7107, -70.7107)
(0, 0)

1 p:(814.9, 878.9) v:(-70.7107, -70.7107)
(0, 0)

0 p:(133.45, 80.0331) v:(100, -0.077906)
(1, 0)

2 p:(334.893, 334.893) v:(70.7107, 70.7107)
(0, 0)

1 p:(814.906, 878.906) v:(70.7107, 70.7107)
(0, 0)

0 p:(133.458, 80.0331) v:(100, -0.077908)
(1, 0)

2 p:(336.027, 336.027) v:(70.7107, 70.7107)
(0, 0)

1 p:(816.04, 880.04) v:(70.7107, 70.7107)
(0, 0)

0 p:(135.062, 80.0319) v:(100, -0.0779052)
(1, 0)

2 p:(336.021, 336.021) v:(-70.7107, -70.7107)
(0, 0)

1 p:(816.034, 880.034) v:(-70.7107, -70.7107)
(0, 0)

0 p:(135.073, 80.0319) v:(100, -0.0779012)
(1, 0)

2 p:(334.886, 334.886) v:(-70.7107, -70.7107)
(0, 0)

1 p:(814.899, 878.899) v:(-70.7107, -70.7107)
(0, 0)

0 p:(136.677, 80.0306) v:(100, -0.0779018)
(1, 0)

2 p:(334.892, 334.892) v:(70.7107, 70.7107)
(0, 0)

1 p:(814.904, 878.904) v:(70.7107, 70.7107)
(0, 0)

0 p:(136.685, 80.0306) v:(100, -0.0778976)
(1, 0)

2 p:(336.026, 336.026) v:(70.7107, 70.7107)
(0, 0)

1 p:(816.039, 880.039) v:(70.7107, 70.7107)
(0, 0)

0 p:(138.289, 80.0294) v:(100, -0.0778942)
(1, 0)

2 p:(336.019, 336.019) v:(-70.7107, -70.7107)
(0, 0)

1 p:(816.029, 880.029) v:(-70.7107, -70.7107)
(0, 0)

0 p:(138.303, 80.0294) v:(100, -0.0778897)
(1, 0)

2 p:(334.882, 334.882) v:(-70.7107, -70.7107)
(0, 0)

1 p:(814.893, 878.893) v:(-70.7107, -70.7107)
(0, 0)

0 p:(139.91, 80.0281) v:(100, -0.077898)
(1, 0)

2 p:(334.896, 334.896) v:(70.7107, 70.7107)
(0, 0)

1 p:(814.907, 878.907) v:(70.7107, 70.7107)
(0, 0)

0 p:(139.929, 80.0281) v:(100, -0.0779005)
(1, 0)

2 p:(336.026, 336.026) v:(70.7107, 70.7107)
(0, 0)

1 p:(816.036, 880.036) v:(70.7107, 70.7107)
(0, 0)

0 p:(141.527, 80.0269) v:(100, -0.0778989)
(1, 0)

2 p:(336.013, 336.013) v:(-70.7107, -70.7107)
(0, 0)

1 p:(816.023, 880.023) v:(-70.7107, -70.7107)
(0, 0)

0 p:(141.547, 80.0268) v:(100, -0.0779024)
(1, 0)

2 p:(334.878, 334.878) v:(-70.7107, -70.7107)
(0, 0)

1 p:(814.889, 878.889) v:(-70.7107, -70.7107)
(0, 0)

0 p:(143.15, 80.0256) v:(100, -0.0779034)
(1, 0)

2 p:(334.889, 334.889) v:(70.7107, 70.7107)
(0, 0)

1 p:(814.9, 878.9) v:(70.7107, 70.7107)
(0, 0)

0 p:(143.166, 80.0256) v:(100, -0.0778975)
(1, 0)

2 p:(336.023, 336.023) v:(70.7107, 70.7107)
(0, 0)

1 p:(816.033, 880.033) v:(70.7107, 70.7107)
(0, 0)

0 p:(144.769, 80.0243) v:(100, -0.0778875)
(1, 0)

2 p:(336.012, 336.012) v:(-70.7107, -70.7107)
(0, 0)

1 p:(816.023, 880.023) v:(-70.7107, -70.7107)
(0, 0)

0 p:(144.784, 80.0243) v:(100, -0.0778794)
(1, 0)

2 p:(334.856, 334.856) v:(-70.7107, -70.7107)
(0, 0)

1 p:(814.866, 878.866) v:(-70.7107, -70.7107)
(0, 0)

0 p:(146.42, 80.023) v:(100, -0.0778685)
(1, 0)

2 p:(334.869, 334.869) v:(70.7107, 70.7107)
(0, 0)

1 p:(814.88, 878.88) v:(70.7107, 70.7107)
(0, 0)

0 p:(146.439, 80.023) v:(100, -0.0778671)
(1, 0)

2 p:(336.01, 336.01) v:(70.7107, 70.7107)
(0, 0)

1 p:(816.021, 880.021) v:(70.7107, 70.7107)
(0, 0)

0 p:(148.055, 80.0218) v:(100, -0.0778664)
(1, 0)

2 p:(335.995, 335.995) v:(-70.7107, -70.7107)
(0, 0)

1 p:(816.006, 880.006) v:(-70.7107, -70.7107)
(0, 0)

0 p:(148.076, 80.0217) v:(100, -0.0778626)
(1, 0)

2 p:(337.151, 337.151) v:(70.7107, 70.7107)
(0, 0)

1 p:(814.841, 878.841) v:(-70.7107, -70.7107)
(0, 0)

0 p:(149.727, 80.0205) v:(100, -0.0778672)
(1, 0)

2 p:(337.121, 337.121) v:(-70.7107, -70.7107)
(0, 0)

1 p:(814.863, 878.863) v:(70.7107, 70.7107)
(0, 0)

0 p:(149.753, 80.0204) v:(100, -0.0778538)
(1, 0)

2 p:(335.997, 335.997) v:(-70.7107, -70.7107)
(0, 0)

1 p:(815.986, 879.986) v:(70.7107, 70.7107)
(0, 0)

0 p:(151.343, 80.0192) v:(100, -0.0778445)
(1, 0)

2 p:(336.014, 336.014) v:(70.7107, 70.7107)
(0, 0)

1 p:(816.003, 880.003) v:(70.7107, 70.7107)
(0, 0)

0 p:(151.366, 80.0192) v:(100, -0.0778494)
(1, 0)

2 p:(334.883, 334.883) v:(-70.7107, -70.7107)
(0, 0)

1 p:(814.872, 878.872) v:(-70.7107, -70.7107)
(0, 0)

0 p:(152.966, 80.0179) v:(100, -0.0778625)
(1, 0)

2 p:(334.9, 334.9) v:(70.7107, 70.7107)
(0, 0)

1 p:(814.889, 878.889) v:(70.7107, 70.7107)
(0, 0)

0 p:(152.99, 80.0179) v:(100, -0.0778712)
(1, 0)

2 p:(336.027, 336.027) v:(70.7107, 70.7107)
(0, 0)

1 p:(816.014, 880.014) v:(70.7107, 70.7107)
(0, 0)

0 p:(154.579, 80.0167) v:(100, -0.077886)
(1, 0)

2 p:(336.018, 336.018) v:(-70.7107, -70.7107)
(0, 0)

1 p:(816.006, 880.006) v:(-70.7107, -70.7107)
(0, 0)

0 p:(154.591, 80.0167) v:(100, -0.0778932)
(1, 0)

2 p:(334.858, 334.858) v:(-70.7107, -70.7107)
(0, 0)

1 p:(814.844, 878.844) v:(-70.7107, -70.7107)
(0, 0)

0 p:(156.236, 80.0154) v:(100, -0.0779001)
(1, 0)

2 p:(334.876, 334.876) v:(70.7107, 70.7107)
(0, 0)

1 p:(814.861, 878.861) v:(70.7107, 70.7107)
(0, 0)

0 p:(156.265, 80.0154) v:(100, -0.0779017)
(1, 0)

2 p:(336.011, 336.011) v:(70.7107, 70.7107)
(0, 0)

1 p:(815.997, 879.997) v:(70.7107, 70.7107)
(0, 0)

0 p:(157.866, 80.0141) v:(100, -0.0778983)
(1, 0)

2 p:(335.993, 335.993) v:(-70.7107, -70.7107)
(0, 0)

1 p:(816.014, 880.014) v:(70.7107, 70.7107)
(0, 0)

0 p:(157.891, 80.0141) v:(100, -0.0778779)
(1, 0)

2 p:(337.124, 337.124) v:(70.7107, 70.7107)
(0, 0)

1 p:(814.883, 878.883) v:(-70.7107, -70.7107)
(0, 0)

0 p:(159.49, 80.0129) v:(100, -0.0778973)
(1, 0)

2 p:(337.092, 337.092) v:(-70.7107, -70.7107)
(0, 0)

1 p:(814.915, 878.915) v:(70.7107, 70.7107)
(0, 0)

0 p:(159.536, 80.0128) v:(100, -0.0779132)
(1, 0)

2 p:(335.97, 335.97) v:(-70.7107, -70.7107)
(0, 0)

1 p:(816.037, 880.037) v:(70.7107, 70.7107)
(0, 0)

0 p:(161.123, 80.0116) v:(100, -0.0778983)
(1, 0)

2 p:(335.987, 335.987) v:(70.7107, 70.7107)
(0, 0)

1 p:(816.02, 880.02) v:(-70.7107, -70.7107)
(0, 0)

0 p:(161.147, 80.0116) v:(100, -0.0247221)
(1, 0)

2 p:(337.119, 337.119) v:(70.7107, 70.7107)
(0, 0)

1 p:(814.888, 878.888) v:(-70.7107, -70.7107)
(0, 0)

0 p:(162.748, 80.0112) v:(100, -0.0247185)
(1, 0)

2 p:(337.101, 337.101) v:(-70.7107, -70.7107)
(0, 0)

1 p:(814.905, 878.905) v:(70.7107, 70.7107)
(0, 0)

0 p:(162.773, 80.0112) v:(100, -0.0247164)
(1, 0)

2 p:(335.976, 335.976) v:(-70.7107, -70.7107)
(0, 0)

1 p:(816.029, 880.029) v:(70.7107, 70.7107)
(0, 0)

0 p:(164.358, 80.0108) v:(100, -0.024713)
(1, 0)

2 p:(335.985, 335.985) v:(70.7107, 70.7107)
(0, 0)

1 p:(816.02, 880.02) v:(-70.7107, -70.7107)
(0, 0)

0 p:(164.37, 80.0108) v:(100, -0.0247195)
(1, 0)

2 p:(337.122, 337.122) v:(70.7107, 70.7107)
(0, 0)

1 p:(814.881, 878.881) v:(-70.7107, -70.7107)
(0, 0)

0 p:(165.984, 80.0104) v:(100, -0.024726)
(1, 0)

2 p:(337.1, 337.1) v:(-70.7107, -70.7107)
(0, 0)

1 p:(814.903, 878.903) v:(70.7107, 70.7107)
(0, 0)

0 p:(166.016, 80.0104) v:(100, -0.0247317)
(1, 0)

2 p:(335.954, 335.954) v:(-70.7107, -70.7107)
(0, 0)

1 p:(816.049, 880.049) v:(70.7107, 70.7107)
(0, 0)

0 p:(167.637, 80.01) v:(100, -0.0247323)
(1, 0)

2 p:(335.972, 335.972) v:(70.7107, 70.7107)
(0, 0)

1 p:(816.031, 880.031) v:(-70.7107, -70.7107)
(0, 0)

0 p:(167.661, 80.01) v:(100, -0.0247236)
(1, 0)

2 p:(337.102, 337.102) v:(70.7107, 70.7107)
(0, 0)

1 p:(814.902, 878.902) v:(-70.7107, -70.7107)
(0, 0)

0 p:(169.259, 80.0096) v:(100, -0.0247198)
(1, 0)

2 p:(337.084, 337.084) v:(-70.7107, -70.7107)
(0, 0)

1 p:(814.919, 878.919) v:(70.7107, 70.7107)
(0, 0)

0 p:(169.283, 80.0096) v:(100, -0.0247151)
(1, 0)

2 p:(335.954, 335.954) v:(-70.7107, -70.7107)
(0, 0)

1 p:(816.05, 880.05) v:(70.7107, 70.7107)
(0, 0)

0 p:(170.882, 80.0092) v:(100, -0.0247108)
(1, 0)

2 p:(335.973, 335.973) v:(70.7107, 70.7107)
(0, 0)

1 p:(816.031, 880.031) v:(-70.7107, -70.7107)
(0, 0)

0 p:(170.909, 80.0092) v:(100, -0.0247064)
(1, 0)

2 p:(337.103, 337.103) v:(70.7107, 70.7107)
(0, 0)

1 p:(814.9, 878.9) v:(-70.7107, -70.7107)
(0, 0)

0 p:(172.508, 80.0088) v:(100, -0.0247036)
(1, 0)

2 p:(337.088, 337.088) v:(-70.7107, -70.7107)
(0, 0)

1 p:(814.915, 878.915) v:(70.7107, 70.7107)
(0, 0)

0 p:(172.528, 80.0088) v:(100, -0.0246987)
(1, 0)

2 p:(335.962, 335.962) v:(-70.7107, -70.7107)
(0, 0)

1 p:(816.039, 880.039) v:(70.7107, 70.7107)
(0, 0)

0 p:(174.117, 80.0084) v:(100, -0.0246915)
(1, 0)

2 p:(335.969, 335.969) v:(70.7107, 70.7107)
(0, 0)

1 p:(816.032, 880.032) v:(-70.7107, -70.7107)
(0, 0)

0 p:(174.13, 80.0084) v:(100, -0.0247007)
(1, 0)

2 p:(337.105, 337.105) v:(70.7107, 70.7107)
(0, 0)

1 p:(814.897, 878.897) v:(-70.7107, -70.7107)
(0, 0)

0 p:(175.731, 80.008) v:(100, -0.0247101)
(1, 0)

2 p:(337.099, 337.099) v:(-70.7107, -70.7107)
(0, 0)

1 p:(814.903, 878.903) v:(70.7107, 70.7107)
(0, 0)

0 p:(175.739, 80.008) v:(100, -0.0247072)
(1, 0)

2 p:(335.956, 335.956) v:(-70.7107, -70.7107)
(0, 0)

1 p:(816.048, 880.048) v:(70.7107, 70.7107)
(0, 0)

0 p:(177.361, 80.0076) v:(100, -0.0247131)
(1, 0)

2 p:(335.97, 335.97) v:(70.7107, 70.7107)
(0, 0)

1 p:(816.034, 880.034) v:(-70.7107, -70.7107)
(0, 0)

0 p:(177.381, 80.0076) v:(100, -0.0247019)
(1, 0)

2 p:(337.101, 337.101) v:(70.7107, 70.7107)
(0, 0)

1 p:(814.903, 878.903) v:(-70.7107, -70.7107)
(0, 0)

0 p:(178.981, 80.0072) v:(100, -0.0246933)
(1, 0)

2 p:(337.083, 337.083) v:(-70.7107, -70.7107)
(0, 0)

1 p:(814.922, 878.922) v:(70.7107, 70.7107)
(0, 0)

0 p:(179.007, 80.0072) v:(100, -0.0246874)
(1, 0)

2 p:(335.937, 335.937) v:(-70.7107, -70.7107)
(0, 0)

1 p:(816.068, 880.068) v:(70.7107, 70.7107)
(0, 0)

0 p:(180.628, 80.0068) v:(100, -0.0246831)
(1, 0)

2 p:(335.956, 335.956) v:(70.7107, 70.7107)
(0, 0)

1 p:(816.051, 880.051) v:(-70.7107, -70.7107)
(0, 0)

0 p:(180.651, 80.0068) v:(100, -0.0246959)
(1, 0)

2 p:(337.069, 337.069) v:(70.7107, 70.7107)
(0, 0)

1 p:(814.94, 878.94) v:(-70.7107, -70.7107)
(0, 0)

0 p:(182.222, 80.0064) v:(100, -0.024688)
(1, 0)

2 p:(337.062, 337.062) v:(-70.7107, -70.7107)
(0, 0)

1 p:(814.947, 878.947) v:(70.7107, 70.7107)
(0, 0)

0 p:(182.231, 80.0064) v:(100, -0.0246834)
(1, 0)

2 p:(335.928, 335.928) v:(-70.7107, -70.7107)
(0, 0)

1 p:(816.082, 880.082) v:(70.7107, 70.7107)
(0, 0)

0 p:(183.84, 80.006) v:(100, -0.0246925)
(1, 0)

2 p:(335.942, 335.942) v:(70.7107, 70.7107)
(0, 0)

1 p:(816.068, 880.068) v:(-70.7107, -70.7107)
(0, 0)

0 p:(183.859, 80.006) v:(100, -0.0246942)
(1, 0)

2 p:(337.097, 337.097) v:(70.7107, 70.7107)
(0, 0)

1 p:(814.913, 878.913) v:(-70.7107, -70.7107)
(0, 0)

0 p:(185.493, 80.0056) v:(100, -0.0246826)
(1, 0)

2 p:(337.067, 337.067) v:(-70.7107, -70.7107)
(0, 0)

1 p:(814.943, 878.943) v:(70.7107, 70.7107)
(0, 0)

0 p:(185.536, 80.0055) v:(100, -0.0246781)
(1, 0)

2 p:(335.952, 335.952) v:(-70.7107, -70.7107)
(0, 0)

1 p:(816.057, 880.057) v:(70.7107, 70.7107)
(0, 0)

0 p:(187.111, 80.0052) v:(100, -0.0246909)
(1, 0)

2 p:(335.962, 335.962) v:(70.7107, 70.7107)
(0, 0)

1 p:(816.047, 880.047) v:(-70.7107, -70.7107)
(0, 0)

0 p:(187.125, 80.0052) v:(100, -0.0246897)
(1, 0)

2 p:(337.094, 337.094) v:(70.7107, 70.7107)
(0, 0)

1 p:(814.915, 878.915) v:(-70.7107, -70.7107)
(0, 0)

0 p:(188.726, 80.0048) v:(100, -0.0247064)
(1, 0)

2 p:(337.083, 337.083) v:(-70.7107, -70.7107)
(0, 0)

1 p:(814.926, 878.926) v:(70.7107, 70.7107)
(0, 0)

0 p:(188.74, 80.0048) v:(100, -0.0247)
(1, 0)

2 p:(335.951, 335.951) v:(-70.7107, -70.7107)
(0, 0)

1 p:(816.058, 880.058) v:(70.7107, 70.7107)
(0, 0)

0 p:(190.341, 80.0044) v:(100, -0.0247184)
(1, 0)

2 p:(335.962, 335.962) v:(70.7107, 70.7107)
(0, 0)

1 p:(816.047, 880.047) v:(-70.7107, -70.7107)
(0, 0)

0 p:(190.355, 80.0044) v:(100, -0.0247128)
(1, 0)

2 p:(337.092, 337.092) v:(70.7107, 70.7107)
(0, 0)

1 p:(814.917, 878.917) v:(-70.7107, -70.7107)
(0, 0)

0 p:(191.953, 80.004) v:(100, -0.0247328)
(1, 0)

2 p:(337.084, 337.084) v:(-70.7107, -70.7107)
(0, 0)

1 p:(814.925, 878.925) v:(70.7107, 70.7107)
(0, 0)

0 p:(191.964, 80.004) v:(100, -0.0247228)
(1, 0)

2 p:(335.951, 335.951) v:(-70.7107, -70.7107)
(0, 0)

1 p:(816.058, 880.058) v:(70.7107, 70.7107)
(0, 0)

0 p:(193.566, 80.0036) v:(100, -0.0247403)
(1, 0)

2 p:(335.959, 335.959) v:(70.7107, 70.7107)
(0, 0)

1 p:(816.051, 880.051) v:(-70.7107, -70.7107)
(0, 0)

0 p:(193.576, 80.0036) v:(100, -0.00768953)
(1, 0)

2 p:(337.092, 337.092) v:(70.7107, 70.7107)
(0, 0)

1 p:(814.918, 878.918) v:(-70.7107, -70.7107)
(0, 0)

0 p:(195.179, 80.0034) v:(100, -0.00769126)
(1, 0)

2 p:(337.084, 337.084) v:(-70.7107, -70.7107)
(0, 0)

1 p:(814.925, 878.925) v:(70.7107, 70.7107)
(0, 0)

0 p:(195.189, 80.0034) v:(100, -0.00769389)
(1, 0)

2 p:(335.95, 335.95) v:(-70.7107, -70.7107)
(0, 0)

1 p:(816.059, 880.059) v:(70.7107, 70.7107)
(0, 0)

0 p:(196.793, 80.0033) v:(100, -0.00769568)
(1, 0)

2 p:(335.959, 335.959) v:(70.7107, 70.7107)
(0, 0)

1 p:(816.051, 880.051) v:(-70.7107, -70.7107)
(0, 0)

0 p:(196.805, 80.0033) v:(100, -0.00769887)
(1, 0)

2 p:(337.088, 337.088) v:(70.7107, 70.7107)
(0, 0)

1 p:(814.922, 878.922) v:(-70.7107, -70.7107)
(0, 0)

0 p:(198.402, 80.0032) v:(100, -0.00770098)
(1, 0)

2 p:(337.08, 337.08) v:(-70.7107, -70.7107)
(0, 0)

1 p:(814.929, 878.929) v:(70.7107, 70.7107)
(0, 0)

0 p:(198.413, 80.0032) v:(100, -0.00770313)
(1, 0)

2 p:(335.947, 335.947) v:(-70.7107, -70.7107)
(0, 0)

1 p:(816.064, 880.064) v:(70.7107, 70.7107)
(0, 0)

0 p:(200.018, 80.0031) v:(100, -0.00770508)
(1, 0)

2 p:(335.956, 335.956) v:(70.7107, 70.7107)
(0, 0)

1 p:(816.057, 880.057) v:(-70.7107, -70.7107)
(0, 0)

0 p:(200.029, 80.0031) v:(100, -0.00770913)
(1, 0)

2 p:(337.088, 337.088) v:(70.7107, 70.7107)
(0, 0)

1 p:(814.925, 878.925) v:(-70.7107, -70.7107)
(0, 0)

0 p:(201.628, 80.003) v:(100, -0.00771119)
(1, 0)

2 p:(337.08, 337.08) v:(-70.7107, -70.7107)
(0, 0)

1 p:(814.933, 878.933) v:(70.7107, 70.7107)
(0, 0)

0 p:(201.639, 80.003) v:(100, -0.00771458)
(1, 0)

2 p:(335.946, 335.946) v:(-70.7107, -70.7107)
(0, 0)

1 p:(816.067, 880.067) v:(70.7107, 70.7107)
(0, 0)

0 p:(203.244, 80.0028) v:(100, -0.00771666)
(1, 0)

2 p:(335.955, 335.955) v:(70.7107, 70.7107)
(0, 0)

1 p:(816.058, 880.058) v:(-70.7107, -70.7107)
(0, 0)

0 p:(203.256, 80.0028) v:(100, -0.00772147)
(1, 0)

2 p:(337.091, 337.091) v:(70.7107, 70.7107)
(0, 0)

1 p:(814.922, 878.922) v:(-70.7107, -70.7107)
(0, 0)

0 p:(204.863, 80.0027) v:(100, -0.00772417)
(1, 0)

2 p:(337.081, 337.081) v:(-70.7107, -70.7107)
(0, 0)

1 p:(814.933, 878.933) v:(70.7107, 70.7107)
(0, 0)

0 p:(204.877, 80.0027) v:(100, -0.00772983)
(1, 0)

2 p:(335.949, 335.949) v:(-70.7107, -70.7107)
(0, 0)

1 p:(816.065, 880.065) v:(70.7107, 70.7107)
(0, 0)

0 p:(206.478, 80.0026) v:(100, -0.00773301)
(1, 0)

2 p:(335.959, 335.959) v:(70.7107, 70.7107)
(0, 0)

1 p:(816.054, 880.054) v:(-70.7107, -70.7107)
(0, 0)

0 p:(206.492, 80.0026) v:(100, -0.00773819)
(1, 0)

2 p:(337.089, 337.089) v:(70.7107, 70.7107)
(0, 0)

1 p:(814.924, 878.924) v:(-70.7107, -70.7107)
(0, 0)

0 p:(208.09, 80.0025) v:(100, -0.00774152)
(1, 0)

2 p:(337.08, 337.08) v:(-70.7107, -70.7107)
(0, 0)

1 p:(814.934, 878.934) v:(70.7107, 70.7107)
(0, 0)

0 p:(208.103, 80.0025) v:(100, -0.00774659)
(1, 0)

2 p:(335.949, 335.949) v:(-70.7107, -70.7107)
(0, 0)

1 p:(816.065, 880.065) v:(70.7107, 70.7107)
(0, 0)

0 p:(209.703, 80.0023) v:(100, -0.0077498)
(1, 0)

2 p:(335.957, 335.957) v:(70.7107, 70.7107)
(0, 0)

1 p:(816.057, 880.057) v:(-70.7107, -70.7107)
(0, 0)

0 p:(209.713, 80.0023) v:(100, -0.00775596)
(1, 0)

2 p:(337.09, 337.09) v:(70.7107, 70.7107)
(0, 0)

1 p:(814.924, 878.924) v:(-70.7107, -70.7107)
(0, 0)

0 p:(211.316, 80.0022) v:(100, -0.00775873)
(1, 0)

2 p:(337.082, 337.082) v:(-70.7107, -70.7107)
(0, 0)

1 p:(814.932, 878.932) v:(70.7107, 70.7107)
(0, 0)

0 p:(211.326, 80.0022) v:(100, -0.00776656)
(1, 0)

2 p:(335.949, 335.949) v:(-70.7107, -70.7107)
(0, 0)

1 p:(816.064, 880.064) v:(70.7107, 70.7107)
(0, 0)

0 p:(212.929, 80.0021) v:(100, -0.00776947)
(1, 0)

2 p:(335.957, 335.957) v:(70.7107, 70.7107)
(0, 0)

1 p:(816.057, 880.057) v:(-70.7107, -70.7107)
(0, 0)

0 p:(212.939, 80.0021) v:(100, -0.0077784)
(1, 0)

2 p:(337.09, 337.09) v:(70.7107, 70.7107)
(0, 0)

1 p:(814.924, 878.924) v:(-70.7107, -70.7107)
(0, 0)

0 p:(214.54, 80.002) v:(100, -0.00778144)
(1, 0)

2 p:(337.085, 337.085) v:(-70.7107, -70.7107)
(0, 0)

1 p:(814.929, 878.929) v:(70.7107, 70.7107)
(0, 0)

0 p:(214.546, 80.002) v:(100, -0.0077912)
(1, 0)

2 p:(335.952, 335.952) v:(-70.7107, -70.7107)
(0, 0)

1 p:(816.062, 880.062) v:(70.7107, 70.7107)
(0, 0)

0 p:(216.149, 80.0019) v:(100, -0.00779308)
(1, 0)

2 p:(335.958, 335.958) v:(70.7107, 70.7107)
(0, 0)

1 p:(816.057, 880.057) v:(-70.7107, -70.7107)
(0, 0)

0 p:(216.157, 80.0019) v:(100, -0.00780507)
(1, 0)

2 p:(337.092, 337.092) v:(70.7107, 70.7107)
(0, 0)

1 p:(814.922, 878.922) v:(-70.7107, -70.7107)
(0, 0)

0 p:(217.763, 80.0017) v:(100, -0.00780753)
(1, 0)

2 p:(337.085, 337.085) v:(-70.7107, -70.7107)
(0, 0)

1 p:(814.929, 878.929) v:(70.7107, 70.7107)
(0, 0)

0 p:(217.773, 80.0017) v:(100, -0.0078224)
(1, 0)

2 p:(335.952, 335.952) v:(-70.7107, -70.7107)
(0, 0)

1 p:(816.062, 880.062) v:(70.7107, 70.7107)
(0, 0)

0 p:(219.376, 80.0016) v:(100, -0.00782616)
(1, 0)

2 p:(335.959, 335.959) v:(70.7107, 70.7107)
(0, 0)

1 p:(816.055, 880.055) v:(-70.7107, -70.7107)
(0, 0)

0 p:(219.386, 80.0016) v:(100, -0.00784231)
(1, 0)

2 p:(337.092, 337.092) v:(70.7107, 70.7107)
(0, 0)

1 p:(814.921, 878.921) v:(-70.7107, -70.7107)
(0, 0)

0 p:(220.99, 80.0015) v:(100, -0.00784637)
(1, 0)

2 p:(337.083, 337.083) v:(-70.7107, -70.7107)
(0, 0)

1 p:(814.929, 878.929) v:(70.7107, 70.7107)
(0, 0)

0 p:(221.002, 80.0015) v:(100, -0.00786634)
(1, 0)

2 p:(335.951, 335.951) v:(-70.7107, -70.7107)
(0, 0)

1 p:(816.06, 880.06) v:(70.7107, 70.7107)
(0, 0)

0 p:(222.602, 80.0014) v:(100, -0.00787133)
(1, 0)

2 p:(335.959, 335.959) v:(70.7107, 70.7107)
(0, 0)

1 p:(816.053, 880.053) v:(-70.7107, -70.7107)
(0, 0)

0 p:(222.613, 80.0014) v:(100, -0.00784969)
(1, 0)

2 p:(337.092, 337.092) v:(70.7107, 70.7107)
(0, 0)

1 p:(814.92, 878.92) v:(-70.7107, -70.7107)
(0, 0)

0 p:(224.215, 80.0012) v:(100, -0.00785454)
(1, 0)

2 p:(337.084, 337.084) v:(-70.7107, -70.7107)
(0, 0)

1 p:(814.927, 878.927) v:(70.7107, 70.7107)
(0, 0)

0 p:(224.226, 80.0012) v:(100, -0.0026025)
(1, 0)

2 p:(335.952, 335.952) v:(-70.7107, -70.7107)
(0, 0)

1 p:(816.06, 880.06) v:(70.7107, 70.7107)
(0, 0)

0 p:(225.828, 80.0012) v:(100, -0.00260309)
(1, 0)

2 p:(335.96, 335.96) v:(70.7107, 70.7107)
(0, 0)

1 p:(816.052, 880.052) v:(-70.7107, -70.7107)
(0, 0)

0 p:(225.839, 80.0012) v:(100, -0.00261078)
(1, 0)

2 p:(337.093, 337.093) v:(70.7107, 70.7107)
(0, 0)

1 p:(814.918, 878.918) v:(-70.7107, -70.7107)
(0, 0)

0 p:(227.443, 80.0012) v:(100, -0.00261141)
(1, 0)

2 p:(337.084, 337.084) v:(-70.7107, -70.7107)
(0, 0)

1 p:(814.927, 878.927) v:(70.7107, 70.7107)
(0, 0)

0 p:(227.455, 80.0012) v:(100, -0.00261976)
(1, 0)

2 p:(335.953, 335.953) v:(-70.7107, -70.7107)
(0, 0)

1 p:(816.058, 880.058) v:(70.7107, 70.7107)
(0, 0)

0 p:(229.054, 80.0011) v:(100, -0.0026205)
(1, 0)

2 p:(335.961, 335.961) v:(70.7107, 70.7107)
(0, 0)

1 p:(816.051, 880.051) v:(-70.7107, -70.7107)
(0, 0)

0 p:(229.065, 80.0011) v:(100, -0.00262926)
(1, 0)

2 p:(337.094, 337.094) v:(70.7107, 70.7107)
(0, 0)

1 p:(814.918, 878.918) v:(-70.7107, -70.7107)
(0, 0)

0 p:(230.668, 80.0011) v:(100, -0.00262991)
(1, 0)

2 p:(337.086, 337.086) v:(-70.7107, -70.7107)
(0, 0)

1 p:(814.925, 878.925) v:(70.7107, 70.7107)
(0, 0)

0 p:(230.678, 80.0011) v:(100, -0.00262112)
(1, 0)

2 p:(335.953, 335.953) v:(-70.7107, -70.7107)
(0, 0)

1 p:(816.058, 880.058) v:(70.7107, 70.7107)
(0, 0)

0 p:(232.281, 80.001) v:(100, -0.0026218)
(1, 0)

2 p:(335.961, 335.961) v:(70.7107, 70.7107)
(0, 0)

1 p:(816.051, 880.051) v:(-70.7107, -70.7107)
(0, 0)

0 p:(232.291, 80.001) v:(100, -0.00261232)
(1, 0)

2 p:(337.094, 337.094) v:(70.7107, 70.7107)
(0, 0)

1 p:(814.918, 878.918) v:(-70.7107, -70.7107)
(0, 0)

0 p:(233.895, 80.001) v:(100, -0.00261303)
(1, 0)

2 p:(337.085, 337.085) v:(-70.7107, -70.7107)
(0, 0)

1 p:(814.926, 878.926) v:(70.7107, 70.7107)
(0, 0)

0 p:(233.912, 80.001) v:(100, -0.00262286)
(1, 0)

2 p:(335.921, 335.921) v:(-70.7107, -70.7107)
(0, 0)

1 p:(816.091, 880.091) v:(70.7107, 70.7107)
(0, 0)

0 p:(235.554, 80.001) v:(100, -0.00262408)
(1, 0)

2 p:(335.933, 335.933) v:(70.7107, 70.7107)
(0, 0)

1 p:(816.079, 880.079) v:(-70.7107, -70.7107)
(0, 0)

0 p:(235.57, 80.001) v:(100, -0.00261667)
(1, 0)

2 p:(337.096, 337.096) v:(70.7107, 70.7107)
(0, 0)

1 p:(814.917, 878.917) v:(-70.7107, -70.7107)
(0, 0)

0 p:(237.213, 80.0009) v:(100, -0.00261786)
(1, 0)

2 p:(337.09, 337.09) v:(-70.7107, -70.7107)
(0, 0)

1 p:(814.923, 878.923) v:(70.7107, 70.7107)
(0, 0)

0 p:(237.221, 80.0009) v:(100, -0.00260989)
(1, 0)

2 p:(335.929, 335.929) v:(-70.7107, -70.7107)
(0, 0)

1 p:(816.085, 880.085) v:(70.7107, 70.7107)
(0, 0)

0 p:(238.866, 80.0009) v:(100, -0.00261049)
(1, 0)

2 p:(335.94, 335.94) v:(70.7107, 70.7107)
(0, 0)

1 p:(816.074, 880.074) v:(-70.7107, -70.7107)
(0, 0)

0 p:(238.881, 80.0009) v:(100, -0.0026019)
(1, 0)

2 p:(337.073, 337.073) v:(70.7107, 70.7107)
(0, 0)

1 p:(814.941, 878.941) v:(-70.7107, -70.7107)
(0, 0)

0 p:(240.484, 80.0008) v:(100, -0.0026031)
(1, 0)

2 p:(337.064, 337.064) v:(-70.7107, -70.7107)
(0, 0)

1 p:(814.951, 878.951) v:(70.7107, 70.7107)
(0, 0)

0 p:(240.498, 80.0008) v:(100, -0.00261444)
(1, 0)

2 p:(335.929, 335.929) v:(-70.7107, -70.7107)
(0, 0)

1 p:(816.086, 880.086) v:(70.7107, 70.7107)
(0, 0)

0 p:(242.104, 80.0008) v:(100, -0.00261559)
(1, 0)

2 p:(335.94, 335.94) v:(70.7107, 70.7107)
(0, 0)

1 p:(816.078, 880.078) v:(-70.7107, -70.7107)
(0, 0)

0 p:(242.116, 80.0008) v:(100, -0.00260299)
(1, 0)

2 p:(337.102, 337.102) v:(70.7107, 70.7107)
(0, 0)

1 p:(814.915, 878.915) v:(-70.7107, -70.7107)
(0, 0)

0 p:(243.76, 80.0007) v:(100, -0.00260404)
(1, 0)

2 p:(337.094, 337.094) v:(-70.7107, -70.7107)
(0, 0)

1 p:(814.923, 878.923) v:(70.7107, 70.7107)
(0, 0)

0 p:(243.772, 80.0007) v:(100, -0.0025936)
(1, 0)

2 p:(335.934, 335.934) v:(-70.7107, -70.7107)
(0, 0)

1 p:(816.083, 880.083) v:(70.7107, 70.7107)
(0, 0)

0 p:(245.413, 80.0007) v:(100, -0.00259469)
(1, 0)

2 p:(335.942, 335.942) v:(70.7107, 70.7107)
(0, 0)

1 p:(816.075, 880.075) v:(-70.7107, -70.7107)
(0, 0)

0 p:(245.426, 80.0007) v:(100, -0.00258268)
(1, 0)

2 p:(337.077, 337.077) v:(70.7107, 70.7107)
(0, 0)

1 p:(814.94, 878.94) v:(-70.7107, -70.7107)
(0, 0)

0 p:(247.031, 80.0006) v:(100, -0.00258385)
(1, 0)

2 p:(337.069, 337.069) v:(-70.7107, -70.7107)
(0, 0)

1 p:(814.948, 878.948) v:(70.7107, 70.7107)
(0, 0)

0 p:(247.043, 80.0006) v:(100, -0.00259719)
(1, 0)

2 p:(335.935, 335.935) v:(-70.7107, -70.7107)
(0, 0)

1 p:(816.082, 880.082) v:(70.7107, 70.7107)
(0, 0)

0 p:(248.645, 80.0006) v:(100, -0.00259843)
(1, 0)

2 p:(335.942, 335.942) v:(70.7107, 70.7107)
(0, 0)

1 p:(816.075, 880.075) v:(-70.7107, -70.7107)
(0, 0)

0 p:(248.655, 80.0006) v:(100, -0.0026134)
(1, 0)

2 p:(337.074, 337.074) v:(70.7107, 70.7107)
(0, 0)

1 p:(814.943, 878.943) v:(-70.7107, -70.7107)
(0, 0)

0 p:(250.256, 80.0006) v:(100, -0.00261448)
(1, 0)

2 p:(337.067, 337.067) v:(-70.7107, -70.7107)
(0, 0)

1 p:(814.949, 878.949) v:(70.7107, 70.7107)
(0, 0)

0 p:(250.265, 80.0006) v:(100, -0.00263156)
(1, 0)

2 p:(335.933, 335.933) v:(-70.7107, -70.7107)
(0, 0)

1 p:(816.084, 880.084) v:(70.7107, 70.7107)
(0, 0)

0 p:(251.869, 80.0005) v:(100, -0.00263267)
(1, 0)

2 p:(335.94, 335.94) v:(70.7107, 70.7107)
(0, 0)

1 p:(816.077, 880.077) v:(-70.7107, -70.7107)
(0, 0)

0 p:(251.878, 80.0005) v:(100, -0.00261503)
(1, 0)

2 p:(337.074, 337.074) v:(70.7107, 70.7107)
(0, 0)

1 p:(814.943, 878.943) v:(-70.7107, -70.7107)
(0, 0)

0 p:(253.482, 80.0005) v:(100, -0.00261622)
(1, 0)

2 p:(337.067, 337.067) v:(-70.7107, -70.7107)
(0, 0)

1 p:(814.95, 878.95) v:(70.7107, 70.7107)
(0, 0)

0 p:(253.491, 80.0005) v:(100, -0.00263679)
(1, 0)

2 p:(335.933, 335.933) v:(-70.7107, -70.7107)
(0, 0)

1 p:(816.084, 880.084) v:(70.7107, 70.7107)
(0, 0)

0 p:(255.096, 80.0004) v:(100, -0.00263807)
(1, 0)

2 p:(335.94, 335.94) v:(70.7107, 70.7107)
(0, 0)

1 p:(816.077, 880.077) v:(-70.7107, -70.7107)
(0, 0)

0 p:(255.105, 80.0004) v:(100, -0.00261773)
(1, 0)

2 p:(337.074, 337.074) v:(70.7107, 70.7107)
(0, 0)

1 p:(814.943, 878.943) v:(-70.7107, -70.7107)
(0, 0)

0 p:(256.708, 80.0004) v:(100, -0.00261914)
(0, 1)

2 p:(337.067, 337.067) v:(-70.7107, -70.7107)
(0, 0)

1 p:(814.95, 878.95) v:(70.7107, 70.7107)
(0, 0)

0 p:(256.712, 80.0086) v:(43.1174, 90.2269)
(0, 1)

2 p:(335.933, 335.933) v:(-70.7107, -70.7107)
(0, 0)

1 p:(816.084, 880.084) v:(70.7107, 70.7107)
(0, 0)

0 p:(257.404, 81.4558) v:(43.1174, 90.2269)
(0, 1)

2 p:(335.94, 335.94) v:(70.7107, 70.7107)
(0, 0)

1 p:(816.077, 880.077) v:(-70.7107, -70.7107)
(0, 0)

0 p:(257.408, 81.4642) v:(43.1174, 90.2269)
(0, 1)

2 p:(337.074, 337.074) v:(70.7107, 70.7107)
(0, 0)

1 p:(814.943, 878.943) v:(-70.7107, -70.7107)
(0, 0)

0 p:(258.099, 82.911) v:(43.1174, 90.2269)
(0, 1)

2 p:(337.066, 337.066) v:(-70.7107, -70.7107)
(0, 0)

1 p:(814.95, 878.95) v:(70.7107, 70.7107)
(0, 0)

0 p:(258.103, 82.9202) v:(43.1174, 90.2269)
(0, 1)

2 p:(335.934, 335.934) v:(-70.7107, -70.7107)
(0, 0)

1 p:(816.082, 880.082) v:(70.7107, 70.7107)
(0, 0)

0 p:(258.793, 84.3633) v:(43.1174, 90.2269)
(0, 1)

2 p:(335.938, 335.938) v:(70.7107, 70.7107)
(0, 0)

1 p:(816.078, 880.078) v:(-70.7107, -70.7107)
(0, 0)

0 p:(258.795, 84.368) v:(43.1174, 90.2269)
(0, 1)

2 p:(337.072, 337.072) v:(70.7107, 70.7107)
(0, 0)

1 p:(814.943, 878.943) v:(-70.7107, -70.7107)
(0, 0)

0 p:(259.488, 85.8167) v:(43.1174, 90.2269)
(0, 1)

2 p:(337.068, 337.068) v:(-70.7107, -70.7107)
(0, 0)

1 p:(814.947, 878.947) v:(70.7107, 70.7107)
(0, 0)

0 p:(259.49, 85.8218) v:(43.1173, 90.2269)
(0, 1)

2 p:(335.93, 335.93) v:(-70.7107, -70.7107)
(0, 0)

1 p:(816.084, 880.084) v:(70.7107, 70.7107)
(0, 0)

0 p:(260.184, 87.2731) v:(43.1173, 90.2269)
(0, 1)

2 p:(335.937, 335.937) v:(70.7107, 70.7107)
(0, 0)

1 p:(816.078, 880.078) v:(-70.7107, -70.7107)
(0, 0)

0 p:(260.187, 87.2806) v:(43.1173, 90.2269)
(0, 1)

2 p:(337.074, 337.074) v:(70.7107, 70.7107)
(0, 0)

1 p:(814.939, 878.939) v:(-70.7107, -70.7107)
(0, 0)

0 p:(260.883, 88.7366) v:(43.1173, 90.2269)
(0, 1)

2 p:(337.058, 337.058) v:(-70.7107, -70.7107)
(0, 0)

1 p:(814.955, 878.955) v:(70.7107, 70.7107)
(0, 0)

0 p:(260.893, 88.7566) v:(43.1172, 90.227)
(0, 1)

